function VT = chargeVeriteTerrain()
	VT=zeros(17,2);
	VT(1,:)=[463 380] ;
	VT(2,:)=[494 473] ;
	VT(3,:)=[532 526] ;
	VT(4,:)=[563 599] ;
	VT(5,:)=[580 660] ;
	VT(6,:)=[606 726] ;
	VT(7,:)=[617 803] ;
	VT(8,:)=[591 891] ;
	VT(9,:)=[502 946] ;
	VT(10,:)=[386 942] ;
	VT(11,:)=[304 886] ;
	VT(12,:)=[261 778] ;
	VT(13,:)=[208 702] ;
	VT(14,:)=[170 619] ;
	VT(15,:)=[134 476] ;
	VT(16,:)=[174 300] ;
	VT(17,:)=[302 182] ;



